111011111110111111101011111011110111111101001110001011110111011011110101111111110011011101100111111011010111111111111101010010011111011111111111
001111110110111101101111011011100111111011011101101101110101011011010111111111111011011111111101111111110111111111101111110110110111011100110101
001011100110111101101110011111110110101101011111001101110101011111011111111111111011111101111111011111110111101001101100010111110111110100110011
111011111110111111111111111011111110111111011101111111111111101101110111111111110111010001101111011011111111001101111011110011111110111111111010
111011101110111111101111111010111111111011101110110111111111011101111111111110110010011000101111011001111111100101111110110011111111111111110111
111111111110110111111111111011111111111111011101111111111111001101111011111101100011010110101111011001110111111101110101110011110010111101111110
111011111110111111101101111011110110111100111110011111110110011111110011111111111010111111101111111010110111111101111111010011101111111000110111
001011111110111101111101011110110111111101001111001011110101111111011111111111110010101001111111011111010111011101100111010111100111111000110100
111011011110111111111011111011101110111011111111110101011111011101110111111110110010011100101111011011101111011101110111110011111111110111111111
111011111111110111101111111111110110110100111110011111110111011111111111111111110011011101101111111010010111011111111011110011111111111100110010
011111110110101101101101011011111111111100011101001110101111011101110111111110110110011101101110011011111111011101111111110010011110111111110011
111011111110111011101110111111111101101111101101110101111111001101010111111101011011001110111111111101110111111101101101010111100111111100110111
111011101110111111111011111111101110101011011111111101111111011101110111111101110011010100101111011000111111111101111101110000011110111111111111
001111111110111111101011111111110101101111111111100111111110001001010101111111111011110100111011011111100111111101101111010101110011101001111111
101111101111110111101011111111111111111111011101001111111101111101010011111101111111011110111111011111011111111111101110110110010110011111111111
101011110110111101111100111110111111111111011111101011111111111101111111111111110111111011101111111011010111111101111111110001111011101101110010
111011101110111111101011111111010110101100111111011011110111011111110101111111101011011111100111111011110111011001111110010010111111111100111111
111011111110111111101011111010101110111011011111111111011101011101011111111110111011011100111111011101100111110101101011010101110010110101111111
111011111110111111101001111111111111101101001101001101110111011111111011111101110011011101101111011001110111111111111100110000011111111101101111
111011111110111111111001111011101110111111111101110101111111011101110101111111110011011110101101011011110111011101111111110000111111111011101111
001011111111111111101011011111110110111100011001001101110111101101111000111111110110011101101111011011101111011101111110110011011111111111111111
101111111111111111101011111111011111111111011111101101111101001111010011111110011010111111111111111110111111111101101001110111011111111110110111
101011111111101101101101111111101111111111101101101101111101111111110111111111011010010111101111111011111111111111111001010011111110011110111111
111010111111111101111111111111010111110101111111000111101111111111111111111111110011111101101011011011110111010111110011110010101110111111111110
111111101110111111101011111011111111111111111111110111111111010001111110111110110011011000101011011010101111111101111111110011111111010111110111
111111111110111111101101111111110111101100111110011101110111010111110111111111110011100111101111011011110111111101110111110010111111111110101111
101011110111111111101001011111101111111101101110100011110111011101110011111111110010010110101111011011110111011001111111110010111111110111110101
111111101110111111101111111111101111101111011101111111111111011101110110111111110010011010101111011011110111011101111110110010111111111111110111
101011111111111111111011111111110111111011001110101110110101011111011111111111111011111111111111111111110111101011101101110111111110111110110101
111011111010111111101010111111110110101110011110101011111101001001011111111111111010011110111111111101101111111111100111010110101011110111111111
111011111010111101101111111111101110100110011110101101111101011001010111111111110011111000110011011111110111111101101111010110111011111101101010
001111111110101101111011011111110101101101101110000111110111111111011110111111010011101101111111011101110111101101101101010111100111011000101110
111011111111111111101111111111110110111100111110011001100111011111111111111111010011011001100111111010110111111111111001110011101111011100111111
111111111110111111111111111011101101110111111111110001111111011101010100111100110011011100111111111100100111111001100111010111011011111111111111
111011111011111111101011111111101111110110001111101011010101011101010101111111011011011101110111111111011111001111101110110110011111111110111111
111011111111111111111111111111101110111111011111111001011111011101111101111111110111111111101011011011100111111101111111110001111111111011111101
001011111111111111101001011111100100111111111111100001110111111111011101111111010011010111111111011110110111011101101001110111111111111100111111
101011110110111111101001111111011101101110101111110001111111010101011101111111101011111110111111111111111111110111101110010100111111111110111111
101011101110111111101011011111111111101110101101100111111110011111101111111111111011011110101111111011001111111001110110110010011111011110111111
101111111110111111111111111110111101111100111111100111111111111101011111111111111010111110111101111111111111111101101111110111111110011110111100
111011111111111111101001111111100110111100111101011101110111011111110111111101100011011101101111111001110111111011110110110010111111111100111111
011011100010101111101111111110111100101110111001100101111111011101010111111110111010011110110111111111111111110111101111110111110110010100111111
001111110111111111101011111111101111110111111111110101011111011101111101111111110010011010101110011001110111101101111111110010111111111111110101
101111111110110001111110111011111111111111111101100111111111011111111111111111111010111111101110111011111111111111110111010011110111111110111101
111111111111111111111110111111111101111011111111110101111110011101011111111111111111011111111101011110111111101111100110110111011111001110101111
111011111111110111101110111111111110110111111111110101111111011101110111111101110011101111101111011011100111111101111111110000111111100111111110
001111101110111111101111011111110101101110111010000101110111001001011111111101111111011111111111011111010111011111101110110110011111111110100111
111010111110111111111111111011111110101111101111110111111111111101111011111111110111101111101101011011110111111101111111110011111111110111101100
111011111110111111111101111011111110111011011111111101101111011101100111111111110111011101101111011011111111001001111011110011111111110111110101
001011011111111111101011011111100100111111111011000001010111011101011111111111110010010100111111111111100111111101101111110111111111010100110110
111011111010111111111011011010101111110110001111101111011101011101011101111111111011011010110110111110111111111101101111110110111111011110101110
111011111110110111111110111111111110101011011111111110111111011101111111111111110011011100101011011011011111011101110111110010111111110111101110
101111111110101111111110111011110101111111111111100101111111001001010111111111111011110110110011111111111111111111101101010110111011111111101110
111011111111101111101111111111110110110101011111101111011111111111110111111111110011011111101111011011100111011101111111110010111111110111111110
101011011110111111101011111111110100101110111010100111111111111101011010111101111111010110111111111111111111011111101101110110010111111110101111
111011111110111111111111111110101111110111011111111111111101111101011111111111111111101011111111111110111111011111101101110101001111111011100110
101111111111111111101110111111101111111111011111101101110101001101010110111111111011011100111011011111101111011111101111110101111011111011111010
001111101110111111101011111111110111101111011111101111111101011101010111111111111111011111110110111111110111111011101111110111111110011100101010
111011111111101111101011111110100111111100101111011101110111001111110111111111111011111111101111011011110111111111111011010001110111111010111110
111011111110110111101111111010111110111111111111110111111111111101110111111111110011011000101110011011111111111101111110110011111111011111111111
111011111111101111101011111111110111111100101111011101110111101111110111111111110011111011101111111011111111111001111110010011110111101111111010
111011111110110011101001111110111111101111001111111101111101001101011111111111110111011101110110111111110111111101101111010111111111011110111110
111011111111111011111011111111100111111101101111000101110111011111110111111110110011011101101111011011111111011101111011110001111111101111101111
001111111110111101111111011111110101111101101111000110100111111011011011111111110011111101111011011111110111111101101111010111110111001100111111
